Caswell field A, reduced stage
 6  7  1 1 1   5 .1D-15      1 
0.0D0       0.0D0       0.0D0       0.0D0       0.0D0       0.0D0
0.966D0     0.0D0       0.0D0       0.0D0       0.0D0       0.0D0
0.013D0     0.01D0      0.125D0     0.0D0       0.0D0       0.0D0
0.007D0     0.0D0       0.125D0     0.238D0     0.0D0       0.0D0
0.008D0     0.0D0       0.036D0     0.245D0     0.167D0     0.0D0
0.0D0       0.0D0       0.0D0       0.023D0     0.75D0      0.0D0
 4  4
 1  3  4  5
 1  6  0.322D3
 3  6 3.45D0
 4  6 2.39D1
 5  6 .682D0 
 0

